handles	-1	64	285500	573000	0	1
handles	-1	4096	254700	578200	0	1
handles	-1	65536	362100	651000	0	1
handles	0	64	256500	590000	0	1
handles	0	4096	252000	594400	0	1
handles	0	65536	253400	581700	0	1
handles	1	64	248700	579600	0	1
handles	1	4096	260000	573100	0	1
handles	1	65536	256400	584200	0	1
handles	2	64	266800	595100	0	1
handles	2	4096	247300	606800	0	1
handles	2	65536	249100	574200	0	1
handles	3	64	253400	582500	0	1
handles	3	4096	361200	993800	0	1
handles	3	65536	346000	578200	0	1
handles	4	64	248800	689300	0	1
handles	4	4096	247300	578200	0	1
handles	4	65536	248000	573900	0	1
