wire	0	62638	10208313806486392639
wire	1	1367	11129044276372437434
wire	2	62910	13442935860772060299
wire	3	1367	7180659845838029136
pipeline	0	0	65536	5910800	206144	0	12	370208	16	411444	411652	127370	1084	413704	100	52	128282	128282	27	0	0	2721600	128282	1153
encryption_ns	2689800
retained_generated	206592
allocation	other	36	16474	74	237298
allocation	retain	59	417152	2	4192
allocation	compression	35	1188360	29	970784
allocation	ordering	4	3232	1	283
allocation	encryption	4	1152	0	0
allocation	send	0	0	27	413421
allocation	receive	4	524288	0	0
allocation	oracle	0	0	0	0
