wire	0	62638	10208313806486392639
wire	1	1367	11129044276372437434
wire	2	62910	13442935860772060299
wire	3	1367	7180659845838029136
pipeline	1	0	65536	6086400	103072	14	12	206368	16	411444	411652	127370	1084	413704	100	52	128282	128282	27	0	0	2671300	128282	1153
encryption_ns	2709400
retained_generated	103296
allocation	other	38	16618	75	237394
allocation	retain	31	209440	0	0
allocation	compression	35	1188360	3	767264
allocation	ordering	4	3232	1	283
allocation	encryption	4	1152	0	0
allocation	send	0	0	27	413421
allocation	receive	4	524288	0	0
allocation	oracle	0	0	0	0
