wire	0	62638	10208313806486392639
wire	1	1367	11129044276372437434
wire	2	62910	13442935860772060299
wire	3	1367	7180659845838029136
pipeline	1	0	17	65979800	103072	14	26	206368	16	411442	411652	127370	1084	413704	100	52	128282	128282	7558	0	0	2608900	128282	7511
encryption_ns	2767700
retained_generated	103296
allocation	other	43	18994	75	237970
allocation	retain	31	209440	0	0
allocation	compression	34	1181160	2	760064
allocation	ordering	4	3232	1	283
allocation	encryption	6	2304	2	576
allocation	send	0	0	27	413421
allocation	receive	4	524288	0	0
allocation	oracle	28	128554	0	0
