wire	0	62638	10208313806486392639
wire	1	1367	11129044276372437434
wire	2	62910	13442935860772060299
wire	3	1367	7180659845838029136
pipeline	0	1	65536	82979900	206144	0	12	370208	16	411444	411652	127370	1084	413704	100	52	128282	128282	27	0	0	2204400	128282	1138
encryption_ns	2787400
retained_generated	206592
allocation	other	41	18850	74	237298
allocation	retain	59	417152	6	4416
allocation	compression	35	1188360	25	970560
allocation	ordering	4	3232	1	283
allocation	encryption	4	1152	0	0
allocation	send	0	0	27	413421
allocation	receive	4	524288	0	0
allocation	oracle	28	128554	0	0
