layout	uniform	-1	Uniform	100000	10000	16	40100	20100	4400	21900	191200	301900	373800	12352	4320	0	0	6420	0	0	1847220853742522736
layout	small_palette	-1	LocalPalette	100000	10000	16	40000	43800	13900	36600	119200	388500	538100	12352	4320	8288	0	6427	4096	0	13881088925378947077
layout	large_palette	-1	LocalPalette	100000	10000	16	40000	43700	14100	51900	218000	1613700	960800	12352	4320	8960	112	8019	0	4096	5009792677023275075
layout	dense_hot	-1	DenseHot	100000	10000	16	40100	45600	13800	26000	122700	495700	585400	12352	4320	16384	0	6427	0	0	13881088925378947077
layout	direct_1024	-1	DenseHot	100000	10000	16	50000	57200	17400	31600	1171000	5341100	2346500	12352	4320	16384	0	11026	0	0	14938310482614615130
transition	-1	43900	108700	1	1
lookup	-1	8	32768	179600	350900	32768	32768	14
lookup	-1	64	32768	561900	305300	32768	32768	112
cache	-1	1	2	65536	0	0	3365100	1742900	0	50	0	0	0	64270	64270	0	40	0	321350	6123392138377603854
cache	-1	1	2	65536	0	1	2998700	1599400	0	50	0	0	96405	96405	64270	89978	49	35	321350	6123392138377603854
cache	-1	1	2	65536	1	0	1587700	1646500	0	50	0	3400	0	64270	64270	0	40	0	321350	316485934608347262
cache	-1	1	2	65536	1	1	2219300	1582900	0	50	0	2400	96405	96405	64270	89978	49	35	321350	316485934608347262
cache	-1	1	8	65536	0	0	9550000	20099600	0	578	0	0	0	64270	64270	0	568	0	3714806	10932962688215868998
cache	-1	1	8	65536	0	1	10025800	19024000	0	578	0	0	96405	96405	64270	89978	577	563	3714806	10932962688215868998
cache	-1	1	8	65536	1	0	13907700	19346800	0	578	0	36700	0	64270	64270	0	568	0	3714806	6437280387809454918
cache	-1	1	8	65536	1	1	14441500	21076600	0	578	0	21000	96405	96405	64270	89978	577	563	3714806	6437280387809454918
cache	-1	16	2	65536	0	0	25100100	3073300	700	100	0	0	0	64235	64235	0	90	0	5138800	10502533151818092496
cache	-1	16	2	65536	0	1	14682800	20510000	196	604	0	0	96405	96405	64235	89978	603	36	5138800	10502533151818092496
cache	-1	16	2	65536	1	0	15216400	3393100	700	100	0	4000	0	64235	64235	0	90	0	5138800	940771669083142992
cache	-1	16	2	65536	1	1	13467900	20787600	196	604	0	3300	96405	96405	64235	89978	603	36	5138800	940771669083142992
cache	-1	16	8	65536	0	0	85969600	41771400	8092	1156	0	0	0	64235	64235	0	1146	0	59404528	10789858128315184848
cache	-1	16	8	65536	0	1	85117200	315429000	196	9052	0	0	96405	96405	64235	89978	9051	564	59404528	10789858128315184848
cache	-1	16	8	65536	1	0	86968100	37953400	8092	1156	0	35500	0	64235	64235	0	1146	0	59404528	11717887872482975440
cache	-1	16	8	65536	1	1	90331900	306069000	196	9052	0	30600	96405	96405	64235	89978	9051	564	59404528	11717887872482975440
cache	-1	1	2	524288	0	0	895000	876300	25	25	0	0	0	160675	160675	0	0	0	321350	6123392138377603854
cache	-1	1	2	524288	0	1	924200	799300	25	25	0	0	321350	160675	160675	0	0	0	321350	6123392138377603854
cache	-1	1	2	524288	1	0	1189500	2528700	0	50	25	19900	0	160675	160675	0	0	0	321350	316485934608347262
cache	-1	1	2	524288	1	1	1824700	2039900	0	50	25	11200	321350	321350	160675	160675	0	0	321350	316485934608347262
cache	-1	1	8	524288	0	0	9690900	20755800	0	578	0	0	0	520587	520587	0	497	0	3714806	10932962688215868998
cache	-1	1	8	524288	0	1	9079600	21472500	0	578	0	0	411328	520587	520587	0	497	0	3714806	10932962688215868998
cache	-1	1	8	524288	1	0	14676600	22511500	0	578	0	150100	0	520587	520587	0	497	0	3714806	6437280387809454918
cache	-1	1	8	524288	1	1	15715300	20771900	0	578	0	173300	411328	520587	520587	0	497	0	3714806	6437280387809454918
cache	-1	16	2	524288	0	0	7312200	1640200	750	50	0	0	0	321175	321175	0	0	0	5138800	10502533151818092496
cache	-1	16	2	524288	0	1	7299400	1747400	750	50	0	0	321350	321175	321175	0	0	0	5138800	10502533151818092496
cache	-1	16	2	524288	1	0	8163500	3600500	700	100	50	18300	0	321175	321175	0	0	0	5138800	940771669083142992
cache	-1	16	2	524288	1	1	7358700	3210400	700	100	50	16100	321350	481850	321175	160675	0	0	5138800	940771669083142992
cache	-1	16	8	524288	0	0	82268300	39774700	8092	1156	0	0	0	520307	520307	0	1075	0	59404528	10789858128315184848
cache	-1	16	8	524288	0	1	81316900	41300400	8092	1156	0	0	411328	674555	520307	154248	1075	0	59404528	10789858128315184848
cache	-1	16	8	524288	1	0	89152000	41467800	8092	1156	0	154100	0	520307	520307	0	1075	0	59404528	11717887872482975440
cache	-1	16	8	524288	1	1	88635000	40178200	8092	1156	0	144000	411328	674555	520307	154248	1075	0	59404528	11717887872482975440
layout	uniform	0	Uniform	100000	10000	16	40100	20100	4400	21000	132600	260400	363600	12352	4320	0	0	6420	0	0	1847220853742522736
layout	small_palette	0	LocalPalette	100000	10000	16	39900	43700	14000	36100	119000	348000	529000	12352	4320	8288	0	6427	4096	0	13881088925378947077
layout	large_palette	0	LocalPalette	100000	10000	16	40300	45500	14000	52400	197000	1662400	1542400	12352	4320	8960	112	8019	0	4096	5009792677023275075
layout	dense_hot	0	DenseHot	100000	10000	16	39700	45800	13900	25200	148600	389300	603900	12352	4320	16384	0	6427	0	0	13881088925378947077
layout	direct_1024	0	DenseHot	100000	10000	16	40200	45800	13900	25200	185300	4662500	1899100	12352	4320	16384	0	11026	0	0	14938310482614615130
transition	0	23700	76200	1	1
lookup	0	8	32768	217000	365800	32768	32768	14
lookup	0	64	32768	563800	305500	32768	32768	112
cache	0	1	2	65536	0	0	797700	1716200	0	50	0	0	0	64270	64270	0	40	0	321350	6123392138377603854
cache	0	1	2	65536	0	1	792900	1635700	0	50	0	0	96405	96405	64270	89978	49	35	321350	6123392138377603854
cache	0	1	2	65536	1	0	1524900	1596500	0	50	0	3100	0	64270	64270	0	40	0	321350	316485934608347262
cache	0	1	2	65536	1	1	1314200	1746000	0	50	0	2500	96405	96405	64270	89978	49	35	321350	316485934608347262
cache	0	1	8	65536	0	0	9893200	21088900	0	578	0	0	0	64270	64270	0	568	0	3714806	10932962688215868998
cache	0	1	8	65536	0	1	9926000	20804100	0	578	0	0	96405	96405	64270	89978	577	563	3714806	10932962688215868998
cache	0	1	8	65536	1	0	16063600	20934100	0	578	0	38000	0	64270	64270	0	568	0	3714806	6437280387809454918
cache	0	1	8	65536	1	1	14134200	19439800	0	578	0	17100	96405	96405	64270	89978	577	563	3714806	6437280387809454918
cache	0	16	2	65536	0	0	6753700	3389100	700	100	0	0	0	64235	64235	0	90	0	5138800	10502533151818092496
cache	0	16	2	65536	0	1	7029400	21038400	196	604	0	0	96405	96405	64235	89978	603	36	5138800	10502533151818092496
cache	0	16	2	65536	1	0	7467500	3488800	700	100	0	3600	0	64235	64235	0	90	0	5138800	940771669083142992
cache	0	16	2	65536	1	1	7749800	19225300	196	604	0	2700	96405	96405	64235	89978	603	36	5138800	940771669083142992
cache	0	16	8	65536	0	0	83844700	38780700	8092	1156	0	0	0	64235	64235	0	1146	0	59404528	10789858128315184848
cache	0	16	8	65536	0	1	84506200	303141200	196	9052	0	0	96405	96405	64235	89978	9051	564	59404528	10789858128315184848
cache	0	16	8	65536	1	0	90099800	40310300	8092	1156	0	39000	0	64235	64235	0	1146	0	59404528	11717887872482975440
cache	0	16	8	65536	1	1	92246500	319132400	196	9052	0	34300	96405	96405	64235	89978	9051	564	59404528	11717887872482975440
cache	0	1	2	524288	0	0	786800	992300	25	25	0	0	0	160675	160675	0	0	0	321350	6123392138377603854
cache	0	1	2	524288	0	1	894200	1216800	25	25	0	0	321350	160675	160675	0	0	0	321350	6123392138377603854
cache	0	1	2	524288	1	0	1440200	1779500	0	50	25	11700	0	160675	160675	0	0	0	321350	316485934608347262
cache	0	1	2	524288	1	1	1223700	1733800	0	50	25	10600	321350	321350	160675	160675	0	0	321350	316485934608347262
cache	0	1	8	524288	0	0	10550800	20302900	0	578	0	0	0	520587	520587	0	497	0	3714806	10932962688215868998
cache	0	1	8	524288	0	1	10214500	20617900	0	578	0	0	411328	520587	520587	0	497	0	3714806	10932962688215868998
cache	0	1	8	524288	1	0	13533900	21900600	0	578	0	141100	0	520587	520587	0	497	0	3714806	6437280387809454918
cache	0	1	8	524288	1	1	16884400	21180600	0	578	0	136200	411328	520587	520587	0	497	0	3714806	6437280387809454918
cache	0	16	2	524288	0	0	6745400	2564500	750	50	0	0	0	321175	321175	0	0	0	5138800	10502533151818092496
cache	0	16	2	524288	0	1	6732900	1806600	750	50	0	0	321350	321175	321175	0	0	0	5138800	10502533151818092496
cache	0	16	2	524288	1	0	8011700	3506400	700	100	50	37300	0	321175	321175	0	0	0	5138800	940771669083142992
cache	0	16	2	524288	1	1	7089600	3231700	700	100	50	19200	321350	481850	321175	160675	0	0	5138800	940771669083142992
cache	0	16	8	524288	0	0	86725700	41456900	8092	1156	0	0	0	520307	520307	0	1075	0	59404528	10789858128315184848
cache	0	16	8	524288	0	1	87728000	41808200	8092	1156	0	0	411328	674555	520307	154248	1075	0	59404528	10789858128315184848
cache	0	16	8	524288	1	0	91702900	44725400	8092	1156	0	182600	0	520307	520307	0	1075	0	59404528	11717887872482975440
cache	0	16	8	524288	1	1	90920900	42664000	8092	1156	0	170200	411328	674555	520307	154248	1075	0	59404528	11717887872482975440
layout	uniform	1	Uniform	100000	10000	16	40100	20000	4400	21000	172400	338400	565600	12352	4320	0	0	6420	0	0	1847220853742522736
layout	small_palette	1	LocalPalette	100000	10000	16	73400	95300	14000	36300	132900	554300	814800	12352	4320	8288	0	6427	4096	0	13881088925378947077
layout	large_palette	1	LocalPalette	100000	10000	16	86300	90200	17200	85200	176000	1917100	1507300	12352	4320	8960	112	8019	0	4096	5009792677023275075
layout	dense_hot	1	DenseHot	100000	10000	16	40200	45800	13900	25300	129600	371200	500400	12352	4320	16384	0	6427	0	0	13881088925378947077
layout	direct_1024	1	DenseHot	100000	10000	16	40100	45800	14000	25200	207500	5732100	2916900	12352	4320	16384	0	11026	0	0	14938310482614615130
transition	1	26400	78500	1	1
lookup	1	8	32768	189000	318900	32768	32768	14
lookup	1	64	32768	618600	403700	32768	32768	112
cache	1	1	2	65536	0	0	1151900	1829000	0	50	0	0	0	64270	64270	0	40	0	321350	6123392138377603854
cache	1	1	2	65536	0	1	773500	1590900	0	50	0	0	96405	96405	64270	89978	49	35	321350	6123392138377603854
cache	1	1	2	65536	1	0	1299100	1680400	0	50	0	3700	0	64270	64270	0	40	0	321350	316485934608347262
cache	1	1	2	65536	1	1	1072400	1746000	0	50	0	2400	96405	96405	64270	89978	49	35	321350	316485934608347262
cache	1	1	8	65536	0	0	10801000	20619300	0	578	0	0	0	64270	64270	0	568	0	3714806	10932962688215868998
cache	1	1	8	65536	0	1	9472700	22077500	0	578	0	0	96405	96405	64270	89978	577	563	3714806	10932962688215868998
cache	1	1	8	65536	1	0	15558400	22915000	0	578	0	45100	0	64270	64270	0	568	0	3714806	6437280387809454918
cache	1	1	8	65536	1	1	14887100	22761800	0	578	0	22900	96405	96405	64270	89978	577	563	3714806	6437280387809454918
cache	1	16	2	65536	0	0	7779600	3155100	700	100	0	0	0	64235	64235	0	90	0	5138800	10502533151818092496
cache	1	16	2	65536	0	1	6691000	20192200	196	604	0	0	96405	96405	64235	89978	603	36	5138800	10502533151818092496
cache	1	16	2	65536	1	0	8568200	3669600	700	100	0	3800	0	64235	64235	0	90	0	5138800	940771669083142992
cache	1	16	2	65536	1	1	8058100	22479500	196	604	0	4100	96405	96405	64235	89978	603	36	5138800	940771669083142992
cache	1	16	8	65536	0	0	85779500	40133400	8092	1156	0	0	0	64235	64235	0	1146	0	59404528	10789858128315184848
cache	1	16	8	65536	0	1	88677300	324915300	196	9052	0	0	96405	96405	64235	89978	9051	564	59404528	10789858128315184848
cache	1	16	8	65536	1	0	95861500	48914800	8092	1156	0	55100	0	64235	64235	0	1146	0	59404528	11717887872482975440
cache	1	16	8	65536	1	1	94937300	325217800	196	9052	0	37700	96405	96405	64235	89978	9051	564	59404528	11717887872482975440
cache	1	1	2	524288	0	0	793300	875900	25	25	0	0	0	160675	160675	0	0	0	321350	6123392138377603854
cache	1	1	2	524288	0	1	858700	1060800	25	25	0	0	321350	160675	160675	0	0	0	321350	6123392138377603854
cache	1	1	2	524288	1	0	1198000	1614600	0	50	25	9700	0	160675	160675	0	0	0	321350	316485934608347262
cache	1	1	2	524288	1	1	1162300	1723000	0	50	25	12700	321350	321350	160675	160675	0	0	321350	316485934608347262
cache	1	1	8	524288	0	0	11185000	27065300	0	578	0	0	0	520587	520587	0	497	0	3714806	10932962688215868998
cache	1	1	8	524288	0	1	9913300	24891100	0	578	0	0	411328	520587	520587	0	497	0	3714806	10932962688215868998
cache	1	1	8	524288	1	0	18046500	21474600	0	578	0	150700	0	520587	520587	0	497	0	3714806	6437280387809454918
cache	1	1	8	524288	1	1	14562100	24296900	0	578	0	174600	411328	520587	520587	0	497	0	3714806	6437280387809454918
cache	1	16	2	524288	0	0	6794700	1828400	750	50	0	0	0	321175	321175	0	0	0	5138800	10502533151818092496
cache	1	16	2	524288	0	1	7917400	1973100	750	50	0	0	321350	321175	321175	0	0	0	5138800	10502533151818092496
cache	1	16	2	524288	1	0	8296500	3865300	700	100	50	21000	0	321175	321175	0	0	0	5138800	940771669083142992
cache	1	16	2	524288	1	1	7108000	3227900	700	100	50	16500	321350	481850	321175	160675	0	0	5138800	940771669083142992
cache	1	16	8	524288	0	0	86351200	39969600	8092	1156	0	0	0	520307	520307	0	1075	0	59404528	10789858128315184848
cache	1	16	8	524288	0	1	87079700	44437900	8092	1156	0	0	411328	674555	520307	154248	1075	0	59404528	10789858128315184848
cache	1	16	8	524288	1	0	89196200	40720200	8092	1156	0	158400	0	520307	520307	0	1075	0	59404528	11717887872482975440
cache	1	16	8	524288	1	1	88523000	44812900	8092	1156	0	185900	411328	674555	520307	154248	1075	0	59404528	11717887872482975440
layout	uniform	2	Uniform	100000	10000	16	49900	37800	5600	26600	149100	326300	454800	12352	4320	0	0	6420	0	0	1847220853742522736
layout	small_palette	2	LocalPalette	100000	10000	16	49900	54500	17400	45600	119600	349000	631300	12352	4320	8288	0	6427	4096	0	13881088925378947077
layout	large_palette	2	LocalPalette	100000	10000	16	40300	46800	14000	51900	146100	1260900	1186800	12352	4320	8960	112	8019	0	4096	5009792677023275075
layout	dense_hot	2	DenseHot	100000	10000	16	40300	51400	13900	25200	119500	395600	484100	12352	4320	16384	0	6427	0	0	13881088925378947077
layout	direct_1024	2	DenseHot	100000	10000	16	40600	30600	13900	25700	225100	5214700	2408300	12352	4320	16384	0	11026	0	0	14938310482614615130
transition	2	24700	81000	1	1
lookup	2	8	32768	359500	498500	32768	32768	14
lookup	2	64	32768	747400	528900	32768	32768	112
cache	2	1	2	65536	0	0	812900	2007700	0	50	0	0	0	64270	64270	0	40	0	321350	6123392138377603854
cache	2	1	2	65536	0	1	794200	1627900	0	50	0	0	96405	96405	64270	89978	49	35	321350	6123392138377603854
cache	2	1	2	65536	1	0	1755900	1745600	0	50	0	3300	0	64270	64270	0	40	0	321350	316485934608347262
cache	2	1	2	65536	1	1	1213500	1614100	0	50	0	2200	96405	96405	64270	89978	49	35	321350	316485934608347262
cache	2	1	8	65536	0	0	11614800	18852200	0	578	0	0	0	64270	64270	0	568	0	3714806	10932962688215868998
cache	2	1	8	65536	0	1	11087200	25125400	0	578	0	0	96405	96405	64270	89978	577	563	3714806	10932962688215868998
cache	2	1	8	65536	1	0	15761900	19545900	0	578	0	34700	0	64270	64270	0	568	0	3714806	6437280387809454918
cache	2	1	8	65536	1	1	15200200	21385500	0	578	0	23900	96405	96405	64270	89978	577	563	3714806	6437280387809454918
cache	2	16	2	65536	0	0	6619700	3123000	700	100	0	0	0	64235	64235	0	90	0	5138800	10502533151818092496
cache	2	16	2	65536	0	1	8124500	20724200	196	604	0	0	96405	96405	64235	89978	603	36	5138800	10502533151818092496
cache	2	16	2	65536	1	0	8127900	3115600	700	100	0	3100	0	64235	64235	0	90	0	5138800	940771669083142992
cache	2	16	2	65536	1	1	7593100	22571200	196	604	0	4400	96405	96405	64235	89978	603	36	5138800	940771669083142992
cache	2	16	8	65536	0	0	90590600	46404400	8092	1156	0	0	0	64235	64235	0	1146	0	59404528	10789858128315184848
cache	2	16	8	65536	0	1	85246300	320065500	196	9052	0	0	96405	96405	64235	89978	9051	564	59404528	10789858128315184848
cache	2	16	8	65536	1	0	92213600	44214200	8092	1156	0	49000	0	64235	64235	0	1146	0	59404528	11717887872482975440
cache	2	16	8	65536	1	1	89461200	327238900	196	9052	0	41300	96405	96405	64235	89978	9051	564	59404528	11717887872482975440
cache	2	1	2	524288	0	0	837800	894600	25	25	0	0	0	160675	160675	0	0	0	321350	6123392138377603854
cache	2	1	2	524288	0	1	1028400	807600	25	25	0	0	321350	160675	160675	0	0	0	321350	6123392138377603854
cache	2	1	2	524288	1	0	1102900	1701200	0	50	25	11600	0	160675	160675	0	0	0	321350	316485934608347262
cache	2	1	2	524288	1	1	1152400	1616400	0	50	25	9500	321350	321350	160675	160675	0	0	321350	316485934608347262
cache	2	1	8	524288	0	0	9202000	23137300	0	578	0	0	0	520587	520587	0	497	0	3714806	10932962688215868998
cache	2	1	8	524288	0	1	9848000	21713200	0	578	0	0	411328	520587	520587	0	497	0	3714806	10932962688215868998
cache	2	1	8	524288	1	0	15021200	21485100	0	578	0	148900	0	520587	520587	0	497	0	3714806	6437280387809454918
cache	2	1	8	524288	1	1	16596700	22216300	0	578	0	157700	411328	520587	520587	0	497	0	3714806	6437280387809454918
cache	2	16	2	524288	0	0	7621300	1667300	750	50	0	0	0	321175	321175	0	0	0	5138800	10502533151818092496
cache	2	16	2	524288	0	1	6767100	1622500	750	50	0	0	321350	321175	321175	0	0	0	5138800	10502533151818092496
cache	2	16	2	524288	1	0	7294200	3776200	700	100	50	21100	0	321175	321175	0	0	0	5138800	940771669083142992
cache	2	16	2	524288	1	1	7660100	3511800	700	100	50	27300	321350	481850	321175	160675	0	0	5138800	940771669083142992
cache	2	16	8	524288	0	0	84755000	40364300	8092	1156	0	0	0	520307	520307	0	1075	0	59404528	10789858128315184848
cache	2	16	8	524288	0	1	83710100	40290000	8092	1156	0	0	411328	674555	520307	154248	1075	0	59404528	10789858128315184848
cache	2	16	8	524288	1	0	86576400	42122800	8092	1156	0	160500	0	520307	520307	0	1075	0	59404528	11717887872482975440
cache	2	16	8	524288	1	1	86639100	41322700	8092	1156	0	154300	411328	674555	520307	154248	1075	0	59404528	11717887872482975440
layout	uniform	3	Uniform	100000	10000	16	40000	20100	4300	20900	119500	261200	366400	12352	4320	0	0	6420	0	0	1847220853742522736
layout	small_palette	3	LocalPalette	100000	10000	16	40000	43700	13900	36200	119800	360300	531400	12352	4320	8288	0	6427	4096	0	13881088925378947077
layout	large_palette	3	LocalPalette	100000	10000	16	40100	43500	13900	52400	198100	2070700	1199700	12352	4320	8960	112	8019	0	4096	5009792677023275075
layout	dense_hot	3	DenseHot	100000	10000	16	60300	45500	13900	25200	119800	401700	487100	12352	4320	16384	0	6427	0	0	13881088925378947077
layout	direct_1024	3	DenseHot	100000	10000	16	40100	45800	13900	25200	186300	4070400	2628900	12352	4320	16384	0	11026	0	0	14938310482614615130
transition	3	23600	71500	1	1
lookup	3	8	32768	186500	304200	32768	32768	14
lookup	3	64	32768	430900	306100	32768	32768	112
cache	3	1	2	65536	0	0	742300	1719500	0	50	0	0	0	64270	64270	0	40	0	321350	6123392138377603854
cache	3	1	2	65536	0	1	772100	1671500	0	50	0	0	96405	96405	64270	89978	49	35	321350	6123392138377603854
cache	3	1	2	65536	1	0	1174400	2021900	0	50	0	4800	0	64270	64270	0	40	0	321350	316485934608347262
cache	3	1	2	65536	1	1	1074000	2069900	0	50	0	2400	96405	96405	64270	89978	49	35	321350	316485934608347262
cache	3	1	8	65536	0	0	9682100	18880500	0	578	0	0	0	64270	64270	0	568	0	3714806	10932962688215868998
cache	3	1	8	65536	0	1	10010600	19319700	0	578	0	0	96405	96405	64270	89978	577	563	3714806	10932962688215868998
cache	3	1	8	65536	1	0	14773800	19719000	0	578	0	36800	0	64270	64270	0	568	0	3714806	6437280387809454918
cache	3	1	8	65536	1	1	15069700	23440700	0	578	0	25200	96405	96405	64270	89978	577	563	3714806	6437280387809454918
cache	3	16	2	65536	0	0	6952700	4457700	700	100	0	0	0	64235	64235	0	90	0	5138800	10502533151818092496
cache	3	16	2	65536	0	1	7167800	20657200	196	604	0	0	96405	96405	64235	89978	603	36	5138800	10502533151818092496
cache	3	16	2	65536	1	0	7017100	3174000	700	100	0	3500	0	64235	64235	0	90	0	5138800	940771669083142992
cache	3	16	2	65536	1	1	6985800	20707300	196	604	0	2900	96405	96405	64235	89978	603	36	5138800	940771669083142992
cache	3	16	8	65536	0	0	83964400	40268000	8092	1156	0	0	0	64235	64235	0	1146	0	59404528	10789858128315184848
cache	3	16	8	65536	0	1	83093200	304944900	196	9052	0	0	96405	96405	64235	89978	9051	564	59404528	10789858128315184848
cache	3	16	8	65536	1	0	89167600	37965600	8092	1156	0	38000	0	64235	64235	0	1146	0	59404528	11717887872482975440
cache	3	16	8	65536	1	1	88111100	307866800	196	9052	0	33800	96405	96405	64235	89978	9051	564	59404528	11717887872482975440
cache	3	1	2	524288	0	0	832600	849000	25	25	0	0	0	160675	160675	0	0	0	321350	6123392138377603854
cache	3	1	2	524288	0	1	851500	823800	25	25	0	0	321350	160675	160675	0	0	0	321350	6123392138377603854
cache	3	1	2	524288	1	0	1255300	1654800	0	50	25	9800	0	160675	160675	0	0	0	321350	316485934608347262
cache	3	1	2	524288	1	1	1095100	2112900	0	50	25	12100	321350	321350	160675	160675	0	0	321350	316485934608347262
cache	3	1	8	524288	0	0	9374700	20665300	0	578	0	0	0	520587	520587	0	497	0	3714806	10932962688215868998
cache	3	1	8	524288	0	1	11964300	19942500	0	578	0	0	411328	520587	520587	0	497	0	3714806	10932962688215868998
cache	3	1	8	524288	1	0	14832100	19113300	0	578	0	129200	0	520587	520587	0	497	0	3714806	6437280387809454918
cache	3	1	8	524288	1	1	14525800	20484200	0	578	0	136800	411328	520587	520587	0	497	0	3714806	6437280387809454918
cache	3	16	2	524288	0	0	7930800	2157500	750	50	0	0	0	321175	321175	0	0	0	5138800	10502533151818092496
cache	3	16	2	524288	0	1	7829100	1623900	750	50	0	0	321350	321175	321175	0	0	0	5138800	10502533151818092496
cache	3	16	2	524288	1	0	8010500	3300300	700	100	50	15900	0	321175	321175	0	0	0	5138800	940771669083142992
cache	3	16	2	524288	1	1	7095100	3582100	700	100	50	16800	321350	481850	321175	160675	0	0	5138800	940771669083142992
cache	3	16	8	524288	0	0	83037100	40521500	8092	1156	0	0	0	520307	520307	0	1075	0	59404528	10789858128315184848
cache	3	16	8	524288	0	1	84318300	41295700	8092	1156	0	0	411328	674555	520307	154248	1075	0	59404528	10789858128315184848
cache	3	16	8	524288	1	0	91075900	37704700	8092	1156	0	135600	0	520307	520307	0	1075	0	59404528	11717887872482975440
cache	3	16	8	524288	1	1	91271700	40250700	8092	1156	0	157500	411328	674555	520307	154248	1075	0	59404528	11717887872482975440
layout	uniform	4	Uniform	100000	10000	16	39900	20000	4300	20900	137200	319100	503300	12352	4320	0	0	6420	0	0	1847220853742522736
layout	small_palette	4	LocalPalette	100000	10000	16	40000	45300	13900	36200	121100	355700	502700	12352	4320	8288	0	6427	4096	0	13881088925378947077
layout	large_palette	4	LocalPalette	100000	10000	16	43800	43700	13900	51700	143500	1505500	952600	12352	4320	8960	112	8019	0	4096	5009792677023275075
layout	dense_hot	4	DenseHot	100000	10000	16	40100	45800	13800	32500	121800	355800	631600	12352	4320	16384	0	6427	0	0	13881088925378947077
layout	direct_1024	4	DenseHot	100000	10000	16	39700	45500	13800	25300	260500	5925700	2001300	12352	4320	16384	0	11026	0	0	14938310482614615130
transition	4	38800	128000	1	1
lookup	4	8	32768	383000	470800	32768	32768	14
lookup	4	64	32768	371600	325200	32768	32768	112
cache	4	1	2	65536	0	0	786000	1938700	0	50	0	0	0	64270	64270	0	40	0	321350	6123392138377603854
cache	4	1	2	65536	0	1	742100	1566900	0	50	0	0	96405	96405	64270	89978	49	35	321350	6123392138377603854
cache	4	1	2	65536	1	0	1133200	2120700	0	50	0	3900	0	64270	64270	0	40	0	321350	316485934608347262
cache	4	1	2	65536	1	1	1562500	1703200	0	50	0	2000	96405	96405	64270	89978	49	35	321350	316485934608347262
cache	4	1	8	65536	0	0	9396000	21234000	0	578	0	0	0	64270	64270	0	568	0	3714806	10932962688215868998
cache	4	1	8	65536	0	1	9658000	20118700	0	578	0	0	96405	96405	64270	89978	577	563	3714806	10932962688215868998
cache	4	1	8	65536	1	0	14710100	20263700	0	578	0	39100	0	64270	64270	0	568	0	3714806	6437280387809454918
cache	4	1	8	65536	1	1	14664100	20222800	0	578	0	18700	96405	96405	64270	89978	577	563	3714806	6437280387809454918
cache	4	16	2	65536	0	0	7674200	3363900	700	100	0	0	0	64235	64235	0	90	0	5138800	10502533151818092496
cache	4	16	2	65536	0	1	7469600	21164700	196	604	0	0	96405	96405	64235	89978	603	36	5138800	10502533151818092496
cache	4	16	2	65536	1	0	7239600	3644200	700	100	0	4000	0	64235	64235	0	90	0	5138800	940771669083142992
cache	4	16	2	65536	1	1	8244100	20115700	196	604	0	2400	96405	96405	64235	89978	603	36	5138800	940771669083142992
cache	4	16	8	65536	0	0	89488500	37646400	8092	1156	0	0	0	64235	64235	0	1146	0	59404528	10789858128315184848
cache	4	16	8	65536	0	1	87223200	316692500	196	9052	0	0	96405	96405	64235	89978	9051	564	59404528	10789858128315184848
cache	4	16	8	65536	1	0	91447200	38881000	8092	1156	0	35400	0	64235	64235	0	1146	0	59404528	11717887872482975440
cache	4	16	8	65536	1	1	89725000	310545200	196	9052	0	33400	96405	96405	64235	89978	9051	564	59404528	11717887872482975440
cache	4	1	2	524288	0	0	923000	883000	25	25	0	0	0	160675	160675	0	0	0	321350	6123392138377603854
cache	4	1	2	524288	0	1	749100	854700	25	25	0	0	321350	160675	160675	0	0	0	321350	6123392138377603854
cache	4	1	2	524288	1	0	1111700	1636600	0	50	25	10900	0	160675	160675	0	0	0	321350	316485934608347262
cache	4	1	2	524288	1	1	1154500	1895600	0	50	25	14600	321350	321350	160675	160675	0	0	321350	316485934608347262
cache	4	1	8	524288	0	0	9346700	21662300	0	578	0	0	0	520587	520587	0	497	0	3714806	10932962688215868998
cache	4	1	8	524288	0	1	11229400	20791900	0	578	0	0	411328	520587	520587	0	497	0	3714806	10932962688215868998
cache	4	1	8	524288	1	0	15369500	20412800	0	578	0	127800	0	520587	520587	0	497	0	3714806	6437280387809454918
cache	4	1	8	524288	1	1	14455800	21469800	0	578	0	149600	411328	520587	520587	0	497	0	3714806	6437280387809454918
cache	4	16	2	524288	0	0	6835900	1676500	750	50	0	0	0	321175	321175	0	0	0	5138800	10502533151818092496
cache	4	16	2	524288	0	1	7113100	2023900	750	50	0	0	321350	321175	321175	0	0	0	5138800	10502533151818092496
cache	4	16	2	524288	1	0	8232900	3796800	700	100	50	24600	0	321175	321175	0	0	0	5138800	940771669083142992
cache	4	16	2	524288	1	1	8268300	3468600	700	100	50	18400	321350	481850	321175	160675	0	0	5138800	940771669083142992
cache	4	16	8	524288	0	0	83854600	44501700	8092	1156	0	0	0	520307	520307	0	1075	0	59404528	10789858128315184848
cache	4	16	8	524288	0	1	82385600	38531100	8092	1156	0	0	411328	674555	520307	154248	1075	0	59404528	10789858128315184848
cache	4	16	8	524288	1	0	87221800	39032400	8092	1156	0	146200	0	520307	520307	0	1075	0	59404528	11717887872482975440
cache	4	16	8	524288	1	1	91750400	41592400	8092	1156	0	151800	411328	674555	520307	154248	1075	0	59404528	11717887872482975440
