layout	uniform	-1	Uniform	100000	10000	16	40100	20100	4400	22300	208000	306200	404500	12352	4320	0	0	6420	0	0	1847220853742522736
layout	small_palette	-1	LocalPalette	100000	10000	16	40200	49500	14000	37000	119600	390200	544300	12352	4320	8288	0	6427	4096	0	13881088925378947077
layout	large_palette	-1	LocalPalette	100000	10000	16	45600	47400	17500	51900	217100	1284400	961800	12352	4320	8960	112	8019	0	4096	5009792677023275075
layout	dense_hot	-1	DenseHot	100000	10000	16	40000	45900	13900	26100	117100	425100	552700	12352	4320	16384	0	6427	0	0	13881088925378947077
layout	direct_1024	-1	DenseHot	100000	10000	16	40000	45700	13900	25200	1095000	4984200	2651400	12352	4320	16384	0	11026	0	0	14938310482614615130
transition	-1	33500	73900	1	1
lookup	-1	8	32768	186400	307000	32768	32768	14
lookup	-1	64	32768	567400	312900	32768	32768	112
cache	-1	1	2	65536	0	0	3598800	1655200	0	50	0	0	0	64270	64270	0	40	0	321350	6123392138377603854
cache	-1	1	2	65536	0	1	3119500	1611100	0	50	0	0	96405	96405	64270	89978	49	35	321350	6123392138377603854
cache	-1	1	2	65536	1	0	1749200	1729400	0	50	0	3500	0	64270	64270	0	40	0	321350	316485934608347262
cache	-1	1	2	65536	1	1	2322500	2300500	0	50	0	2300	96405	96405	64270	89978	49	35	321350	316485934608347262
cache	-1	1	8	65536	0	0	9153200	20201900	0	578	0	0	0	64270	64270	0	568	0	3714806	10932962688215868998
cache	-1	1	8	65536	0	1	10003400	19595600	0	578	0	0	96405	96405	64270	89978	577	563	3714806	10932962688215868998
cache	-1	1	8	65536	1	0	14010200	18588100	0	578	0	33600	0	64270	64270	0	568	0	3714806	6437280387809454918
cache	-1	1	8	65536	1	1	14491900	19369800	0	578	0	17600	96405	96405	64270	89978	577	563	3714806	6437280387809454918
cache	-1	16	2	65536	0	0	25201500	3516000	700	100	0	0	0	64235	64235	0	90	0	5138800	10502533151818092496
cache	-1	16	2	65536	0	1	13977600	20772900	196	604	0	0	96405	96405	64235	89978	603	36	5138800	10502533151818092496
cache	-1	16	2	65536	1	0	14029700	4402800	700	100	0	4700	0	64235	64235	0	90	0	5138800	940771669083142992
cache	-1	16	2	65536	1	1	13671500	20599100	196	604	0	3700	96405	96405	64235	89978	603	36	5138800	940771669083142992
cache	-1	16	8	65536	0	0	82638100	41320600	8092	1156	0	0	0	64235	64235	0	1146	0	59404528	10789858128315184848
cache	-1	16	8	65536	0	1	86424500	303400200	196	9052	0	0	96405	96405	64235	89978	9051	564	59404528	10789858128315184848
cache	-1	16	8	65536	1	0	87349500	41143100	8092	1156	0	37800	0	64235	64235	0	1146	0	59404528	11717887872482975440
cache	-1	16	8	65536	1	1	88838800	317410500	196	9052	0	36500	96405	96405	64235	89978	9051	564	59404528	11717887872482975440
cache	-1	1	2	524288	0	0	886400	842200	25	25	0	0	0	160675	160675	0	0	0	321350	6123392138377603854
cache	-1	1	2	524288	0	1	1147800	798500	25	25	0	0	321350	160675	160675	0	0	0	321350	6123392138377603854
cache	-1	1	2	524288	1	0	1775600	2052600	0	50	25	15700	0	160675	160675	0	0	0	321350	316485934608347262
cache	-1	1	2	524288	1	1	1344100	1626000	0	50	25	10000	321350	321350	160675	160675	0	0	321350	316485934608347262
cache	-1	1	8	524288	0	0	9289000	20744000	0	578	0	0	0	520587	520587	0	497	0	3714806	10932962688215868998
cache	-1	1	8	524288	0	1	10226000	22864200	0	578	0	0	411328	520587	520587	0	497	0	3714806	10932962688215868998
cache	-1	1	8	524288	1	0	14101500	21967000	0	578	0	145500	0	520587	520587	0	497	0	3714806	6437280387809454918
cache	-1	1	8	524288	1	1	14467500	24689000	0	578	0	169700	411328	520587	520587	0	497	0	3714806	6437280387809454918
cache	-1	16	2	524288	0	0	8187900	1759800	750	50	0	0	0	321175	321175	0	0	0	5138800	10502533151818092496
cache	-1	16	2	524288	0	1	7973900	2216500	750	50	0	0	321350	321175	321175	0	0	0	5138800	10502533151818092496
cache	-1	16	2	524288	1	0	7195400	4568400	700	100	50	28900	0	321175	321175	0	0	0	5138800	940771669083142992
cache	-1	16	2	524288	1	1	8382700	3338700	700	100	50	21100	321350	481850	321175	160675	0	0	5138800	940771669083142992
cache	-1	16	8	524288	0	0	83299500	42926500	8092	1156	0	0	0	520307	520307	0	1075	0	59404528	10789858128315184848
cache	-1	16	8	524288	0	1	81187100	47120700	8092	1156	0	0	411328	674555	520307	154248	1075	0	59404528	10789858128315184848
cache	-1	16	8	524288	1	0	86168700	39364100	8092	1156	0	148000	0	520307	520307	0	1075	0	59404528	11717887872482975440
cache	-1	16	8	524288	1	1	93704800	43411500	8092	1156	0	191700	411328	674555	520307	154248	1075	0	59404528	11717887872482975440
layout	uniform	0	Uniform	100000	10000	16	41500	20100	4400	21000	119400	405600	362400	12352	4320	0	0	6420	0	0	1847220853742522736
layout	small_palette	0	LocalPalette	100000	10000	16	50000	54600	17400	45200	152000	392600	664600	12352	4320	8288	0	6427	4096	0	13881088925378947077
layout	large_palette	0	LocalPalette	100000	10000	16	40000	45600	13800	52200	146500	1620400	957600	12352	4320	8960	112	8019	0	4096	5009792677023275075
layout	dense_hot	0	DenseHot	100000	10000	16	54200	50100	16500	43800	121800	362800	504800	12352	4320	16384	0	6427	0	0	13881088925378947077
layout	direct_1024	0	DenseHot	100000	10000	16	40000	45600	14000	25500	186700	4527500	1862600	12352	4320	16384	0	11026	0	0	14938310482614615130
transition	0	24700	73900	1	1
lookup	0	8	32768	186900	307100	32768	32768	14
lookup	0	64	32768	560200	315300	32768	32768	112
cache	0	1	2	65536	0	0	868100	1595300	0	50	0	0	0	64270	64270	0	40	0	321350	6123392138377603854
cache	0	1	2	65536	0	1	782300	1585500	0	50	0	0	96405	96405	64270	89978	49	35	321350	6123392138377603854
cache	0	1	2	65536	1	0	1572900	1868400	0	50	0	3900	0	64270	64270	0	40	0	321350	316485934608347262
cache	0	1	2	65536	1	1	1397400	1656600	0	50	0	2000	96405	96405	64270	89978	49	35	321350	316485934608347262
cache	0	1	8	65536	0	0	12156300	21889100	0	578	0	0	0	64270	64270	0	568	0	3714806	10932962688215868998
cache	0	1	8	65536	0	1	10056900	20650900	0	578	0	0	96405	96405	64270	89978	577	563	3714806	10932962688215868998
cache	0	1	8	65536	1	0	14427700	19796300	0	578	0	35600	0	64270	64270	0	568	0	3714806	6437280387809454918
cache	0	1	8	65536	1	1	15210900	20486800	0	578	0	21400	96405	96405	64270	89978	577	563	3714806	6437280387809454918
cache	0	16	2	65536	0	0	7349800	3170100	700	100	0	0	0	64235	64235	0	90	0	5138800	10502533151818092496
cache	0	16	2	65536	0	1	6697800	20573800	196	604	0	0	96405	96405	64235	89978	603	36	5138800	10502533151818092496
cache	0	16	2	65536	1	0	7233200	3409200	700	100	0	3500	0	64235	64235	0	90	0	5138800	940771669083142992
cache	0	16	2	65536	1	1	7963000	19793900	196	604	0	2900	96405	96405	64235	89978	603	36	5138800	940771669083142992
cache	0	16	8	65536	0	0	80709200	39735800	8092	1156	0	0	0	64235	64235	0	1146	0	59404528	10789858128315184848
cache	0	16	8	65536	0	1	87379400	306455000	196	9052	0	0	96405	96405	64235	89978	9051	564	59404528	10789858128315184848
cache	0	16	8	65536	1	0	89632300	42288300	8092	1156	0	41100	0	64235	64235	0	1146	0	59404528	11717887872482975440
cache	0	16	8	65536	1	1	92047800	319669100	196	9052	0	37900	96405	96405	64235	89978	9051	564	59404528	11717887872482975440
cache	0	1	2	524288	0	0	788100	1065500	25	25	0	0	0	160675	160675	0	0	0	321350	6123392138377603854
cache	0	1	2	524288	0	1	1089000	786100	25	25	0	0	321350	160675	160675	0	0	0	321350	6123392138377603854
cache	0	1	2	524288	1	0	1130300	1605200	0	50	25	11900	0	160675	160675	0	0	0	321350	316485934608347262
cache	0	1	2	524288	1	1	1234300	1631200	0	50	25	10400	321350	321350	160675	160675	0	0	321350	316485934608347262
cache	0	1	8	524288	0	0	9850100	20263300	0	578	0	0	0	520587	520587	0	497	0	3714806	10932962688215868998
cache	0	1	8	524288	0	1	11267500	21629300	0	578	0	0	411328	520587	520587	0	497	0	3714806	10932962688215868998
cache	0	1	8	524288	1	0	13945000	20573500	0	578	0	139100	0	520587	520587	0	497	0	3714806	6437280387809454918
cache	0	1	8	524288	1	1	15380300	21712900	0	578	0	139600	411328	520587	520587	0	497	0	3714806	6437280387809454918
cache	0	16	2	524288	0	0	7227500	1801800	750	50	0	0	0	321175	321175	0	0	0	5138800	10502533151818092496
cache	0	16	2	524288	0	1	7165500	1584800	750	50	0	0	321350	321175	321175	0	0	0	5138800	10502533151818092496
cache	0	16	2	524288	1	0	7805700	3256900	700	100	50	19000	0	321175	321175	0	0	0	5138800	940771669083142992
cache	0	16	2	524288	1	1	7134300	4196500	700	100	50	27500	321350	481850	321175	160675	0	0	5138800	940771669083142992
cache	0	16	8	524288	0	0	81649600	40235300	8092	1156	0	0	0	520307	520307	0	1075	0	59404528	10789858128315184848
cache	0	16	8	524288	0	1	82538000	41689600	8092	1156	0	0	411328	674555	520307	154248	1075	0	59404528	10789858128315184848
cache	0	16	8	524288	1	0	84443000	43135200	8092	1156	0	158700	0	520307	520307	0	1075	0	59404528	11717887872482975440
cache	0	16	8	524288	1	1	87434200	39604900	8092	1156	0	144500	411328	674555	520307	154248	1075	0	59404528	11717887872482975440
layout	uniform	1	Uniform	100000	10000	16	40100	20100	4400	20900	118900	262400	394600	12352	4320	0	0	6420	0	0	1847220853742522736
layout	small_palette	1	LocalPalette	100000	10000	16	40000	48900	14000	36200	214900	382000	864900	12352	4320	8288	0	6427	4096	0	13881088925378947077
layout	large_palette	1	LocalPalette	100000	10000	16	40000	44200	13900	52600	162100	1399700	1073100	12352	4320	8960	112	8019	0	4096	5009792677023275075
layout	dense_hot	1	DenseHot	100000	10000	16	40000	45800	13900	25100	120800	408600	536100	12352	4320	16384	0	6427	0	0	13881088925378947077
layout	direct_1024	1	DenseHot	100000	10000	16	40100	45600	14000	25200	211600	4628600	1894300	12352	4320	16384	0	11026	0	0	14938310482614615130
transition	1	23700	71300	1	1
lookup	1	8	32768	193000	305500	32768	32768	14
lookup	1	64	32768	374100	303900	32768	32768	112
cache	1	1	2	65536	0	0	787000	1896500	0	50	0	0	0	64270	64270	0	40	0	321350	6123392138377603854
cache	1	1	2	65536	0	1	763400	1779900	0	50	0	0	96405	96405	64270	89978	49	35	321350	6123392138377603854
cache	1	1	2	65536	1	0	1134800	1975000	0	50	0	4400	0	64270	64270	0	40	0	321350	316485934608347262
cache	1	1	2	65536	1	1	1108000	1647800	0	50	0	1900	96405	96405	64270	89978	49	35	321350	316485934608347262
cache	1	1	8	65536	0	0	9275700	21299000	0	578	0	0	0	64270	64270	0	568	0	3714806	10932962688215868998
cache	1	1	8	65536	0	1	9964200	20817100	0	578	0	0	96405	96405	64270	89978	577	563	3714806	10932962688215868998
cache	1	1	8	65536	1	0	15936400	22263800	0	578	0	42200	0	64270	64270	0	568	0	3714806	6437280387809454918
cache	1	1	8	65536	1	1	15499700	21445200	0	578	0	20000	96405	96405	64270	89978	577	563	3714806	6437280387809454918
cache	1	16	2	65536	0	0	8251800	4494100	700	100	0	0	0	64235	64235	0	90	0	5138800	10502533151818092496
cache	1	16	2	65536	0	1	6760400	20096100	196	604	0	0	96405	96405	64235	89978	603	36	5138800	10502533151818092496
cache	1	16	2	65536	1	0	7437900	3402700	700	100	0	3700	0	64235	64235	0	90	0	5138800	940771669083142992
cache	1	16	2	65536	1	1	8490900	20188900	196	604	0	3800	96405	96405	64235	89978	603	36	5138800	940771669083142992
cache	1	16	8	65536	0	0	87514400	40214700	8092	1156	0	0	0	64235	64235	0	1146	0	59404528	10789858128315184848
cache	1	16	8	65536	0	1	85744500	330278800	196	9052	0	0	96405	96405	64235	89978	9051	564	59404528	10789858128315184848
cache	1	16	8	65536	1	0	89609800	42119300	8092	1156	0	46500	0	64235	64235	0	1146	0	59404528	11717887872482975440
cache	1	16	8	65536	1	1	90414800	348363900	196	9052	0	40700	96405	96405	64235	89978	9051	564	59404528	11717887872482975440
cache	1	1	2	524288	0	0	994700	1010700	25	25	0	0	0	160675	160675	0	0	0	321350	6123392138377603854
cache	1	1	2	524288	0	1	848200	858100	25	25	0	0	321350	160675	160675	0	0	0	321350	6123392138377603854
cache	1	1	2	524288	1	0	1216900	2192200	0	50	25	12700	0	160675	160675	0	0	0	321350	316485934608347262
cache	1	1	2	524288	1	1	1663000	2085600	0	50	25	18900	321350	321350	160675	160675	0	0	321350	316485934608347262
cache	1	1	8	524288	0	0	9465600	21557800	0	578	0	0	0	520587	520587	0	497	0	3714806	10932962688215868998
cache	1	1	8	524288	0	1	11069000	20058300	0	578	0	0	411328	520587	520587	0	497	0	3714806	10932962688215868998
cache	1	1	8	524288	1	0	15953500	20251200	0	578	0	133700	0	520587	520587	0	497	0	3714806	6437280387809454918
cache	1	1	8	524288	1	1	15795100	20477000	0	578	0	142800	411328	520587	520587	0	497	0	3714806	6437280387809454918
cache	1	16	2	524288	0	0	7385900	1604900	750	50	0	0	0	321175	321175	0	0	0	5138800	10502533151818092496
cache	1	16	2	524288	0	1	7005900	2376100	750	50	0	0	321350	321175	321175	0	0	0	5138800	10502533151818092496
cache	1	16	2	524288	1	0	7813300	3180100	700	100	50	17200	0	321175	321175	0	0	0	5138800	940771669083142992
cache	1	16	2	524288	1	1	7647500	3217500	700	100	50	15000	321350	481850	321175	160675	0	0	5138800	940771669083142992
cache	1	16	8	524288	0	0	86724200	41469000	8092	1156	0	0	0	520307	520307	0	1075	0	59404528	10789858128315184848
cache	1	16	8	524288	0	1	83416200	40554700	8092	1156	0	0	411328	674555	520307	154248	1075	0	59404528	10789858128315184848
cache	1	16	8	524288	1	0	88819000	40771600	8092	1156	0	146900	0	520307	520307	0	1075	0	59404528	11717887872482975440
cache	1	16	8	524288	1	1	92933500	41229000	8092	1156	0	150900	411328	674555	520307	154248	1075	0	59404528	11717887872482975440
layout	uniform	2	Uniform	100000	10000	16	39400	20100	4300	21000	119000	260600	362500	12352	4320	0	0	6420	0	0	1847220853742522736
layout	small_palette	2	LocalPalette	100000	10000	16	39900	43600	14000	36700	122000	423600	521000	12352	4320	8288	0	6427	4096	0	13881088925378947077
layout	large_palette	2	LocalPalette	100000	10000	16	44200	71700	14000	51700	144700	1313600	958500	12352	4320	8960	112	8019	0	4096	5009792677023275075
layout	dense_hot	2	DenseHot	100000	10000	16	39800	45700	13900	25200	123000	395900	478000	12352	4320	16384	0	6427	0	0	13881088925378947077
layout	direct_1024	2	DenseHot	100000	10000	16	39700	30500	14000	25200	232400	5000300	2314200	12352	4320	16384	0	11026	0	0	14938310482614615130
transition	2	24400	74000	1	1
lookup	2	8	32768	186500	304100	32768	32768	14
lookup	2	64	32768	564100	315800	32768	32768	112
cache	2	1	2	65536	0	0	798600	1666700	0	50	0	0	0	64270	64270	0	40	0	321350	6123392138377603854
cache	2	1	2	65536	0	1	810100	2136600	0	50	0	0	96405	96405	64270	89978	49	35	321350	6123392138377603854
cache	2	1	2	65536	1	0	1151400	1981500	0	50	0	3800	0	64270	64270	0	40	0	321350	316485934608347262
cache	2	1	2	65536	1	1	1342800	1575100	0	50	0	1400	96405	96405	64270	89978	49	35	321350	316485934608347262
cache	2	1	8	65536	0	0	10889100	20162400	0	578	0	0	0	64270	64270	0	568	0	3714806	10932962688215868998
cache	2	1	8	65536	0	1	10196200	22331100	0	578	0	0	96405	96405	64270	89978	577	563	3714806	10932962688215868998
cache	2	1	8	65536	1	0	14444600	19727200	0	578	0	35600	0	64270	64270	0	568	0	3714806	6437280387809454918
cache	2	1	8	65536	1	1	16567500	19408700	0	578	0	20500	96405	96405	64270	89978	577	563	3714806	6437280387809454918
cache	2	16	2	65536	0	0	6825800	4797600	700	100	0	0	0	64235	64235	0	90	0	5138800	10502533151818092496
cache	2	16	2	65536	0	1	7400700	20758600	196	604	0	0	96405	96405	64235	89978	603	36	5138800	10502533151818092496
cache	2	16	2	65536	1	0	7475200	3150200	700	100	0	3500	0	64235	64235	0	90	0	5138800	940771669083142992
cache	2	16	2	65536	1	1	8319300	19853400	196	604	0	3600	96405	96405	64235	89978	603	36	5138800	940771669083142992
cache	2	16	8	65536	0	0	85277200	40208700	8092	1156	0	0	0	64235	64235	0	1146	0	59404528	10789858128315184848
cache	2	16	8	65536	0	1	84084100	307836400	196	9052	0	0	96405	96405	64235	89978	9051	564	59404528	10789858128315184848
cache	2	16	8	65536	1	0	92324700	49188600	8092	1156	0	47500	0	64235	64235	0	1146	0	59404528	11717887872482975440
cache	2	16	8	65536	1	1	90843100	303299700	196	9052	0	34200	96405	96405	64235	89978	9051	564	59404528	11717887872482975440
cache	2	1	2	524288	0	0	1036300	852900	25	25	0	0	0	160675	160675	0	0	0	321350	6123392138377603854
cache	2	1	2	524288	0	1	734900	779500	25	25	0	0	321350	160675	160675	0	0	0	321350	6123392138377603854
cache	2	1	2	524288	1	0	1144100	1625100	0	50	25	11400	0	160675	160675	0	0	0	321350	316485934608347262
cache	2	1	2	524288	1	1	1094500	1665600	0	50	25	10900	321350	321350	160675	160675	0	0	321350	316485934608347262
cache	2	1	8	524288	0	0	10053900	21560100	0	578	0	0	0	520587	520587	0	497	0	3714806	10932962688215868998
cache	2	1	8	524288	0	1	10204500	22867100	0	578	0	0	411328	520587	520587	0	497	0	3714806	10932962688215868998
cache	2	1	8	524288	1	0	15788400	22781600	0	578	0	157200	0	520587	520587	0	497	0	3714806	6437280387809454918
cache	2	1	8	524288	1	1	14546000	23193500	0	578	0	158800	411328	520587	520587	0	497	0	3714806	6437280387809454918
cache	2	16	2	524288	0	0	7078800	1797400	750	50	0	0	0	321175	321175	0	0	0	5138800	10502533151818092496
cache	2	16	2	524288	0	1	6701400	1897400	750	50	0	0	321350	321175	321175	0	0	0	5138800	10502533151818092496
cache	2	16	2	524288	1	0	8176700	3323800	700	100	50	18900	0	321175	321175	0	0	0	5138800	940771669083142992
cache	2	16	2	524288	1	1	7702600	3399100	700	100	50	18000	321350	481850	321175	160675	0	0	5138800	940771669083142992
cache	2	16	8	524288	0	0	85897800	39981000	8092	1156	0	0	0	520307	520307	0	1075	0	59404528	10789858128315184848
cache	2	16	8	524288	0	1	82504600	41008400	8092	1156	0	0	411328	674555	520307	154248	1075	0	59404528	10789858128315184848
cache	2	16	8	524288	1	0	91798100	43505700	8092	1156	0	173100	0	520307	520307	0	1075	0	59404528	11717887872482975440
cache	2	16	8	524288	1	1	90145400	45855400	8092	1156	0	190100	411328	674555	520307	154248	1075	0	59404528	11717887872482975440
layout	uniform	3	Uniform	100000	10000	16	70400	34700	7900	40800	141200	335100	535000	12352	4320	0	0	6420	0	0	1847220853742522736
layout	small_palette	3	LocalPalette	100000	10000	16	75100	74100	17100	77900	146800	515900	791000	12352	4320	8288	0	6427	4096	0	13881088925378947077
layout	large_palette	3	LocalPalette	100000	10000	16	71900	77400	17200	99200	172400	1863200	1522500	12352	4320	8960	112	8019	0	4096	5009792677023275075
layout	dense_hot	3	DenseHot	100000	10000	16	50500	57700	17500	31800	150400	435600	627600	12352	4320	16384	0	6427	0	0	13881088925378947077
layout	direct_1024	3	DenseHot	100000	10000	16	40000	45700	14000	25300	186200	4017200	1961400	12352	4320	16384	0	11026	0	0	14938310482614615130
transition	3	23600	72100	1	1
lookup	3	8	32768	438200	684900	32768	32768	14
lookup	3	64	32768	628300	390200	32768	32768	112
cache	3	1	2	65536	0	0	776400	1588700	0	50	0	0	0	64270	64270	0	40	0	321350	6123392138377603854
cache	3	1	2	65536	0	1	758500	2007800	0	50	0	0	96405	96405	64270	89978	49	35	321350	6123392138377603854
cache	3	1	2	65536	1	0	1214800	1576200	0	50	0	2800	0	64270	64270	0	40	0	321350	316485934608347262
cache	3	1	2	65536	1	1	1134000	1568800	0	50	0	1600	96405	96405	64270	89978	49	35	321350	316485934608347262
cache	3	1	8	65536	0	0	9342500	19137400	0	578	0	0	0	64270	64270	0	568	0	3714806	10932962688215868998
cache	3	1	8	65536	0	1	9681400	21464200	0	578	0	0	96405	96405	64270	89978	577	563	3714806	10932962688215868998
cache	3	1	8	65536	1	0	14305700	20883800	0	578	0	40500	0	64270	64270	0	568	0	3714806	6437280387809454918
cache	3	1	8	65536	1	1	15601000	21435300	0	578	0	22700	96405	96405	64270	89978	577	563	3714806	6437280387809454918
cache	3	16	2	65536	0	0	7138800	3248000	700	100	0	0	0	64235	64235	0	90	0	5138800	10502533151818092496
cache	3	16	2	65536	0	1	7504800	22431500	196	604	0	0	96405	96405	64235	89978	603	36	5138800	10502533151818092496
cache	3	16	2	65536	1	0	7300300	3193900	700	100	0	3800	0	64235	64235	0	90	0	5138800	940771669083142992
cache	3	16	2	65536	1	1	7600600	20226100	196	604	0	2700	96405	96405	64235	89978	603	36	5138800	940771669083142992
cache	3	16	8	65536	0	0	85368600	40100200	8092	1156	0	0	0	64235	64235	0	1146	0	59404528	10789858128315184848
cache	3	16	8	65536	0	1	81839000	304749200	196	9052	0	0	96405	96405	64235	89978	9051	564	59404528	10789858128315184848
cache	3	16	8	65536	1	0	92057200	39236100	8092	1156	0	35100	0	64235	64235	0	1146	0	59404528	11717887872482975440
cache	3	16	8	65536	1	1	91717500	296461800	196	9052	0	32500	96405	96405	64235	89978	9051	564	59404528	11717887872482975440
cache	3	1	2	524288	0	0	824100	849600	25	25	0	0	0	160675	160675	0	0	0	321350	6123392138377603854
cache	3	1	2	524288	0	1	819900	1020500	25	25	0	0	321350	160675	160675	0	0	0	321350	6123392138377603854
cache	3	1	2	524288	1	0	1119500	1631800	0	50	25	11300	0	160675	160675	0	0	0	321350	316485934608347262
cache	3	1	2	524288	1	1	1126000	1624000	0	50	25	9900	321350	321350	160675	160675	0	0	321350	316485934608347262
cache	3	1	8	524288	0	0	11010600	20641300	0	578	0	0	0	520587	520587	0	497	0	3714806	10932962688215868998
cache	3	1	8	524288	0	1	11640300	20971300	0	578	0	0	411328	520587	520587	0	497	0	3714806	10932962688215868998
cache	3	1	8	524288	1	0	14844100	22418800	0	578	0	142000	0	520587	520587	0	497	0	3714806	6437280387809454918
cache	3	1	8	524288	1	1	15736500	23251300	0	578	0	155600	411328	520587	520587	0	497	0	3714806	6437280387809454918
cache	3	16	2	524288	0	0	6814900	1840000	750	50	0	0	0	321175	321175	0	0	0	5138800	10502533151818092496
cache	3	16	2	524288	0	1	7686200	1681000	750	50	0	0	321350	321175	321175	0	0	0	5138800	10502533151818092496
cache	3	16	2	524288	1	0	8241100	4220300	700	100	50	28400	0	321175	321175	0	0	0	5138800	940771669083142992
cache	3	16	2	524288	1	1	7267200	3175500	700	100	50	15000	321350	481850	321175	160675	0	0	5138800	940771669083142992
cache	3	16	8	524288	0	0	85294300	46385300	8092	1156	0	0	0	520307	520307	0	1075	0	59404528	10789858128315184848
cache	3	16	8	524288	0	1	84567000	39761600	8092	1156	0	0	411328	674555	520307	154248	1075	0	59404528	10789858128315184848
cache	3	16	8	524288	1	0	91679400	42592500	8092	1156	0	162300	0	520307	520307	0	1075	0	59404528	11717887872482975440
cache	3	16	8	524288	1	1	88202200	42514800	8092	1156	0	163000	411328	674555	520307	154248	1075	0	59404528	11717887872482975440
layout	uniform	4	Uniform	100000	10000	16	51700	34200	7700	38200	140700	319000	522300	12352	4320	0	0	6420	0	0	1847220853742522736
layout	small_palette	4	LocalPalette	100000	10000	16	52400	71800	16600	71800	140300	470100	759700	12352	4320	8288	0	6427	4096	0	13881088925378947077
layout	large_palette	4	LocalPalette	100000	10000	16	46600	75500	16200	89500	167400	1386700	1210400	12352	4320	8960	112	8019	0	4096	5009792677023275075
layout	dense_hot	4	DenseHot	100000	10000	16	40000	45300	14000	25200	119000	398300	495400	12352	4320	16384	0	6427	0	0	13881088925378947077
layout	direct_1024	4	DenseHot	100000	10000	16	39900	30400	14000	25200	184500	4174900	1845900	12352	4320	16384	0	11026	0	0	14938310482614615130
transition	4	24600	78200	1	1
lookup	4	8	32768	186400	302900	32768	32768	14
lookup	4	64	32768	556300	305600	32768	32768	112
cache	4	1	2	65536	0	0	784300	1574300	0	50	0	0	0	64270	64270	0	40	0	321350	6123392138377603854
cache	4	1	2	65536	0	1	747400	2019500	0	50	0	0	96405	96405	64270	89978	49	35	321350	6123392138377603854
cache	4	1	2	65536	1	0	1534100	1688900	0	50	0	3500	0	64270	64270	0	40	0	321350	316485934608347262
cache	4	1	2	65536	1	1	1154600	2058200	0	50	0	2600	96405	96405	64270	89978	49	35	321350	316485934608347262
cache	4	1	8	65536	0	0	10453800	20288300	0	578	0	0	0	64270	64270	0	568	0	3714806	10932962688215868998
cache	4	1	8	65536	0	1	9850800	20250500	0	578	0	0	96405	96405	64270	89978	577	563	3714806	10932962688215868998
cache	4	1	8	65536	1	0	13963100	21060400	0	578	0	38500	0	64270	64270	0	568	0	3714806	6437280387809454918
cache	4	1	8	65536	1	1	14946200	22663100	0	578	0	24000	96405	96405	64270	89978	577	563	3714806	6437280387809454918
cache	4	16	2	65536	0	0	8252200	3095200	700	100	0	0	0	64235	64235	0	90	0	5138800	10502533151818092496
cache	4	16	2	65536	0	1	7312900	21206600	196	604	0	0	96405	96405	64235	89978	603	36	5138800	10502533151818092496
cache	4	16	2	65536	1	0	7924700	3808400	700	100	0	4900	0	64235	64235	0	90	0	5138800	940771669083142992
cache	4	16	2	65536	1	1	7610700	23869000	196	604	0	3800	96405	96405	64235	89978	603	36	5138800	940771669083142992
cache	4	16	8	65536	0	0	84769500	40752700	8092	1156	0	0	0	64235	64235	0	1146	0	59404528	10789858128315184848
cache	4	16	8	65536	0	1	82978600	313206700	196	9052	0	0	96405	96405	64235	89978	9051	564	59404528	10789858128315184848
cache	4	16	8	65536	1	0	86936900	39586500	8092	1156	0	39200	0	64235	64235	0	1146	0	59404528	11717887872482975440
cache	4	16	8	65536	1	1	90895200	317251400	196	9052	0	30600	96405	96405	64235	89978	9051	564	59404528	11717887872482975440
cache	4	1	2	524288	0	0	766100	834700	25	25	0	0	0	160675	160675	0	0	0	321350	6123392138377603854
cache	4	1	2	524288	0	1	870700	809200	25	25	0	0	321350	160675	160675	0	0	0	321350	6123392138377603854
cache	4	1	2	524288	1	0	1116900	1695700	0	50	25	14500	0	160675	160675	0	0	0	321350	316485934608347262
cache	4	1	2	524288	1	1	1163400	1579300	0	50	25	9900	321350	321350	160675	160675	0	0	321350	316485934608347262
cache	4	1	8	524288	0	0	9594000	22094900	0	578	0	0	0	520587	520587	0	497	0	3714806	10932962688215868998
cache	4	1	8	524288	0	1	10024000	21328200	0	578	0	0	411328	520587	520587	0	497	0	3714806	10932962688215868998
cache	4	1	8	524288	1	0	14196200	21889000	0	578	0	141300	0	520587	520587	0	497	0	3714806	6437280387809454918
cache	4	1	8	524288	1	1	14421700	21146000	0	578	0	165300	411328	520587	520587	0	497	0	3714806	6437280387809454918
cache	4	16	2	524288	0	0	7144400	1632900	750	50	0	0	0	321175	321175	0	0	0	5138800	10502533151818092496
cache	4	16	2	524288	0	1	6719300	1813000	750	50	0	0	321350	321175	321175	0	0	0	5138800	10502533151818092496
cache	4	16	2	524288	1	0	7007000	3269900	700	100	50	16000	0	321175	321175	0	0	0	5138800	940771669083142992
cache	4	16	2	524288	1	1	7957600	3362900	700	100	50	18000	321350	481850	321175	160675	0	0	5138800	940771669083142992
cache	4	16	8	524288	0	0	82678600	44226600	8092	1156	0	0	0	520307	520307	0	1075	0	59404528	10789858128315184848
cache	4	16	8	524288	0	1	83803200	39597000	8092	1156	0	0	411328	674555	520307	154248	1075	0	59404528	10789858128315184848
cache	4	16	8	524288	1	0	89722300	41964100	8092	1156	0	153600	0	520307	520307	0	1075	0	59404528	11717887872482975440
cache	4	16	8	524288	1	1	88779700	40351900	8092	1156	0	146400	411328	674555	520307	154248	1075	0	59404528	11717887872482975440
