handles	-1	64	261400	574100	0	1
handles	-1	4096	262200	571200	0	1
handles	-1	65536	254300	733800	0	1
handles	0	64	262500	715400	0	1
handles	0	4096	248100	578400	0	1
handles	0	65536	248700	582700	0	1
handles	1	64	248200	570600	0	1
handles	1	4096	262800	582600	0	1
handles	1	65536	293500	622000	0	1
handles	2	64	249900	578600	0	1
handles	2	4096	250600	570500	0	1
handles	2	65536	248600	569700	0	1
handles	3	64	252300	569900	0	1
handles	3	4096	263000	593000	0	1
handles	3	65536	251200	570200	0	1
handles	4	64	321200	650700	0	1
handles	4	4096	280400	718800	0	1
handles	4	65536	257600	571500	0	1
