layout	uniform	-1	Uniform	100000	10000	16	50000	20500	4400	22500	205900	306900	361500	12352	224	4	0	6420	0	0	1847220853742522736
layout	small_palette	-1	LocalPalette	100000	10000	16	40300	43600	13900	38000	118100	397700	551000	12352	224	8288	0	6427	4096	0	13881088925378947077
layout	large_palette	-1	LocalPalette	100000	10000	16	40100	43800	13900	71800	213400	1457000	975800	12352	224	8960	112	8019	0	4096	5009792677023275075
layout	dense_hot	-1	DenseHot	100000	10000	16	44200	45700	13800	26500	117100	401900	553700	12352	224	16384	0	6427	0	0	13881088925378947077
layout	direct_1024	-1	DenseHot	100000	10000	16	40200	45600	13900	24600	1023600	5051400	2144100	12352	224	16384	0	11026	0	0	14938310482614615130
transition	-1	30100	72300	1	1
cache	-1	1	2	0	0	3898800	1875800	0	50	0	0	0	64270	64270	0	40	0	321350	6123392138377603854
cache	-1	1	2	0	1	3722900	2584700	0	50	0	0	96405	96405	64270	89978	49	35	321350	6123392138377603854
cache	-1	1	2	1	0	2207800	1915800	0	50	0	4000	0	64270	64270	0	40	0	321350	316485934608347262
cache	-1	1	2	1	1	2627800	1711000	0	50	0	2500	96405	96405	64270	89978	49	35	321350	316485934608347262
cache	-1	1	8	0	0	9862700	22269200	0	578	0	0	0	64270	64270	0	568	0	3714806	10932962688215868998
cache	-1	1	8	0	1	9948800	20822500	0	578	0	0	96405	96405	64270	89978	577	563	3714806	10932962688215868998
cache	-1	1	8	1	0	14925400	23364600	0	578	0	47400	0	64270	64270	0	568	0	3714806	6437280387809454918
cache	-1	1	8	1	1	15271500	20242300	0	578	0	21100	96405	96405	64270	89978	577	563	3714806	6437280387809454918
cache	-1	16	2	0	0	28135000	3766000	700	100	0	0	0	64235	64235	0	90	0	5138800	10502533151818092496
cache	-1	16	2	0	1	16071000	22093900	196	604	0	0	96405	96405	64235	89978	603	36	5138800	10502533151818092496
cache	-1	16	2	1	0	17137000	4054700	700	100	0	5000	0	64235	64235	0	90	0	5138800	940771669083142992
cache	-1	16	2	1	1	15582600	22724700	196	604	0	3900	96405	96405	64235	89978	603	36	5138800	940771669083142992
cache	-1	16	8	0	0	85296400	39927000	8092	1156	0	0	0	64235	64235	0	1146	0	59404528	10789858128315184848
cache	-1	16	8	0	1	85875600	337315600	196	9052	0	0	96405	96405	64235	89978	9051	564	59404528	10789858128315184848
cache	-1	16	8	1	0	90206000	39924500	8092	1156	0	38000	0	64235	64235	0	1146	0	59404528	11717887872482975440
cache	-1	16	8	1	1	90938900	311924400	196	9052	0	27600	96405	96405	64235	89978	9051	564	59404528	11717887872482975440
layout	uniform	0	Uniform	100000	10000	16	40100	20100	4300	21900	117900	312700	350600	12352	224	4	0	6420	0	0	1847220853742522736
layout	small_palette	0	LocalPalette	100000	10000	16	39900	43500	13800	37900	124600	449300	508900	12352	224	8288	0	6427	4096	0	13881088925378947077
layout	large_palette	0	LocalPalette	100000	10000	16	48700	46100	14000	51900	207100	1556900	1139900	12352	224	8960	112	8019	0	4096	5009792677023275075
layout	dense_hot	0	DenseHot	100000	10000	16	40100	45800	13900	24600	161000	353500	495500	12352	224	16384	0	6427	0	0	13881088925378947077
layout	direct_1024	0	DenseHot	100000	10000	16	39900	45400	14000	24600	185700	4281800	2107400	12352	224	16384	0	11026	0	0	14938310482614615130
transition	0	24100	71300	1	1
cache	0	1	2	0	0	969600	1828900	0	50	0	0	0	64270	64270	0	40	0	321350	6123392138377603854
cache	0	1	2	0	1	925800	1633100	0	50	0	0	96405	96405	64270	89978	49	35	321350	6123392138377603854
cache	0	1	2	1	0	1211800	1630800	0	50	0	2700	0	64270	64270	0	40	0	321350	316485934608347262
cache	0	1	2	1	1	1392600	1623700	0	50	0	2100	96405	96405	64270	89978	49	35	321350	316485934608347262
cache	0	1	8	0	0	10101200	21541700	0	578	0	0	0	64270	64270	0	568	0	3714806	10932962688215868998
cache	0	1	8	0	1	9425100	22278400	0	578	0	0	96405	96405	64270	89978	577	563	3714806	10932962688215868998
cache	0	1	8	1	0	15148800	21673700	0	578	0	40700	0	64270	64270	0	568	0	3714806	6437280387809454918
cache	0	1	8	1	1	14230200	20462900	0	578	0	20700	96405	96405	64270	89978	577	563	3714806	6437280387809454918
cache	0	16	2	0	0	7778500	3719800	700	100	0	0	0	64235	64235	0	90	0	5138800	10502533151818092496
cache	0	16	2	0	1	7754500	20746100	196	604	0	0	96405	96405	64235	89978	603	36	5138800	10502533151818092496
cache	0	16	2	1	0	8036900	3109200	700	100	0	3300	0	64235	64235	0	90	0	5138800	940771669083142992
cache	0	16	2	1	1	7235300	19676600	196	604	0	2700	96405	96405	64235	89978	603	36	5138800	940771669083142992
cache	0	16	8	0	0	84005900	40009100	8092	1156	0	0	0	64235	64235	0	1146	0	59404528	10789858128315184848
cache	0	16	8	0	1	86992000	327184300	196	9052	0	0	96405	96405	64235	89978	9051	564	59404528	10789858128315184848
cache	0	16	8	1	0	91451800	43612100	8092	1156	0	44300	0	64235	64235	0	1146	0	59404528	11717887872482975440
cache	0	16	8	1	1	90334700	321389600	196	9052	0	27100	96405	96405	64235	89978	9051	564	59404528	11717887872482975440
layout	uniform	1	Uniform	100000	10000	16	39900	20100	4400	44700	119600	352000	515500	12352	224	4	0	6420	0	0	1847220853742522736
layout	small_palette	1	LocalPalette	100000	10000	16	49700	79700	16500	70900	119400	563900	552100	12352	224	8288	0	6427	4096	0	13881088925378947077
layout	large_palette	1	LocalPalette	100000	10000	16	60300	67500	20600	77100	215200	1527000	989600	12352	224	8960	112	8019	0	4096	5009792677023275075
layout	dense_hot	1	DenseHot	100000	10000	16	39900	48800	13900	24700	118500	356400	493700	12352	224	16384	0	6427	0	0	13881088925378947077
layout	direct_1024	1	DenseHot	100000	10000	16	39900	46000	14000	25300	202500	4157900	2014000	12352	224	16384	0	11026	0	0	14938310482614615130
transition	1	35200	118700	1	1
cache	1	1	2	0	0	1090200	2402600	0	50	0	0	0	64270	64270	0	40	0	321350	6123392138377603854
cache	1	1	2	0	1	1110400	1570100	0	50	0	0	96405	96405	64270	89978	49	35	321350	6123392138377603854
cache	1	1	2	1	0	1186100	2760500	0	50	0	6300	0	64270	64270	0	40	0	321350	316485934608347262
cache	1	1	2	1	1	1162500	1703900	0	50	0	2800	96405	96405	64270	89978	49	35	321350	316485934608347262
cache	1	1	8	0	0	9226400	24568100	0	578	0	0	0	64270	64270	0	568	0	3714806	10932962688215868998
cache	1	1	8	0	1	9586400	20591300	0	578	0	0	96405	96405	64270	89978	577	563	3714806	10932962688215868998
cache	1	1	8	1	0	13846500	20610100	0	578	0	40000	0	64270	64270	0	568	0	3714806	6437280387809454918
cache	1	1	8	1	1	15412600	21365700	0	578	0	21300	96405	96405	64270	89978	577	563	3714806	6437280387809454918
cache	1	16	2	0	0	7476100	3488800	700	100	0	0	0	64235	64235	0	90	0	5138800	10502533151818092496
cache	1	16	2	0	1	7862800	20963300	196	604	0	0	96405	96405	64235	89978	603	36	5138800	10502533151818092496
cache	1	16	2	1	0	7105800	3968000	700	100	0	4200	0	64235	64235	0	90	0	5138800	940771669083142992
cache	1	16	2	1	1	7796700	21407300	196	604	0	3100	96405	96405	64235	89978	603	36	5138800	940771669083142992
cache	1	16	8	0	0	86862200	41034300	8092	1156	0	0	0	64235	64235	0	1146	0	59404528	10789858128315184848
cache	1	16	8	0	1	80720800	346553300	196	9052	0	0	96405	96405	64235	89978	9051	564	59404528	10789858128315184848
cache	1	16	8	1	0	89994900	43239400	8092	1156	0	43800	0	64235	64235	0	1146	0	59404528	11717887872482975440
cache	1	16	8	1	1	92765300	334685300	196	9052	0	42200	96405	96405	64235	89978	9051	564	59404528	11717887872482975440
layout	uniform	2	Uniform	100000	10000	16	40000	20100	4300	21800	120300	261800	350500	12352	224	4	0	6420	0	0	1847220853742522736
layout	small_palette	2	LocalPalette	100000	10000	16	39900	43700	13900	37900	120400	367100	514200	12352	224	8288	0	6427	4096	0	13881088925378947077
layout	large_palette	2	LocalPalette	100000	10000	16	41300	46700	16600	86000	159400	1460400	989200	12352	224	8960	112	8019	0	4096	5009792677023275075
layout	dense_hot	2	DenseHot	100000	10000	16	39700	45600	13900	24700	147600	497400	546200	12352	224	16384	0	6427	0	0	13881088925378947077
layout	direct_1024	2	DenseHot	100000	10000	16	45500	45700	13900	24900	186600	4160100	2028200	12352	224	16384	0	11026	0	0	14938310482614615130
transition	2	43900	123900	1	1
cache	2	1	2	0	0	1073500	2431700	0	50	0	0	0	64270	64270	0	40	0	321350	6123392138377603854
cache	2	1	2	0	1	1198000	1898300	0	50	0	0	96405	96405	64270	89978	49	35	321350	6123392138377603854
cache	2	1	2	1	0	1772800	2621100	0	50	0	5700	0	64270	64270	0	40	0	321350	316485934608347262
cache	2	1	2	1	1	1647500	2903800	0	50	0	3400	96405	96405	64270	89978	49	35	321350	316485934608347262
cache	2	1	8	0	0	9960800	23276000	0	578	0	0	0	64270	64270	0	568	0	3714806	10932962688215868998
cache	2	1	8	0	1	10722100	21441000	0	578	0	0	96405	96405	64270	89978	577	563	3714806	10932962688215868998
cache	2	1	8	1	0	14406100	23032300	0	578	0	44100	0	64270	64270	0	568	0	3714806	6437280387809454918
cache	2	1	8	1	1	16460000	20784700	0	578	0	22400	96405	96405	64270	89978	577	563	3714806	6437280387809454918
cache	2	16	2	0	0	7620500	3330300	700	100	0	0	0	64235	64235	0	90	0	5138800	10502533151818092496
cache	2	16	2	0	1	7385600	23345900	196	604	0	0	96405	96405	64235	89978	603	36	5138800	10502533151818092496
cache	2	16	2	1	0	7899600	3245700	700	100	0	3200	0	64235	64235	0	90	0	5138800	940771669083142992
cache	2	16	2	1	1	8339700	22649800	196	604	0	3900	96405	96405	64235	89978	603	36	5138800	940771669083142992
cache	2	16	8	0	0	83651700	44970200	8092	1156	0	0	0	64235	64235	0	1146	0	59404528	10789858128315184848
cache	2	16	8	0	1	87612000	346096000	196	9052	0	0	96405	96405	64235	89978	9051	564	59404528	10789858128315184848
cache	2	16	8	1	0	90804900	40559600	8092	1156	0	41100	0	64235	64235	0	1146	0	59404528	11717887872482975440
cache	2	16	8	1	1	92176900	342794800	196	9052	0	36500	96405	96405	64235	89978	9051	564	59404528	11717887872482975440
layout	uniform	3	Uniform	100000	10000	16	40300	20000	4500	21600	119300	262400	355400	12352	224	4	0	6420	0	0	1847220853742522736
layout	small_palette	3	LocalPalette	100000	10000	16	40100	43600	14000	38000	118900	350900	514100	12352	224	8288	0	6427	4096	0	13881088925378947077
layout	large_palette	3	LocalPalette	100000	10000	16	40100	45100	14000	51800	156000	1988300	1012400	12352	224	8960	112	8019	0	4096	5009792677023275075
layout	dense_hot	3	DenseHot	100000	10000	16	58100	61300	16800	49200	145400	533100	835700	12352	224	16384	0	6427	0	0	13881088925378947077
layout	direct_1024	3	DenseHot	100000	10000	16	58700	58900	17900	45300	228000	6867300	2739800	12352	224	16384	0	11026	0	0	14938310482614615130
transition	3	36400	108400	1	1
cache	3	1	2	0	0	1082200	2967400	0	50	0	0	0	64270	64270	0	40	0	321350	6123392138377603854
cache	3	1	2	0	1	1097000	2307700	0	50	0	0	96405	96405	64270	89978	49	35	321350	6123392138377603854
cache	3	1	2	1	0	1748600	2239800	0	50	0	4900	0	64270	64270	0	40	0	321350	316485934608347262
cache	3	1	2	1	1	1780100	2799600	0	50	0	3200	96405	96405	64270	89978	49	35	321350	316485934608347262
cache	3	1	8	0	0	12647000	25230700	0	578	0	0	0	64270	64270	0	568	0	3714806	10932962688215868998
cache	3	1	8	0	1	11375300	20260400	0	578	0	0	96405	96405	64270	89978	577	563	3714806	10932962688215868998
cache	3	1	8	1	0	15599100	23211200	0	578	0	48400	0	64270	64270	0	568	0	3714806	6437280387809454918
cache	3	1	8	1	1	14866900	21652400	0	578	0	21700	96405	96405	64270	89978	577	563	3714806	6437280387809454918
cache	3	16	2	0	0	7311500	4278900	700	100	0	0	0	64235	64235	0	90	0	5138800	10502533151818092496
cache	3	16	2	0	1	7610400	21875000	196	604	0	0	96405	96405	64235	89978	603	36	5138800	10502533151818092496
cache	3	16	2	1	0	7186400	4545000	700	100	0	5200	0	64235	64235	0	90	0	5138800	940771669083142992
cache	3	16	2	1	1	7472900	23450000	196	604	0	15100	96405	96405	64235	89978	603	36	5138800	940771669083142992
cache	3	16	8	0	0	83753200	42536700	8092	1156	0	0	0	64235	64235	0	1146	0	59404528	10789858128315184848
cache	3	16	8	0	1	84929500	326787600	196	9052	0	0	96405	96405	64235	89978	9051	564	59404528	10789858128315184848
cache	3	16	8	1	0	90604300	52980400	8092	1156	0	59000	0	64235	64235	0	1146	0	59404528	11717887872482975440
cache	3	16	8	1	1	89190000	321270500	196	9052	0	33000	96405	96405	64235	89978	9051	564	59404528	11717887872482975440
layout	uniform	4	Uniform	100000	10000	16	40000	20000	4400	22100	119100	260900	351200	12352	224	4	0	6420	0	0	1847220853742522736
layout	small_palette	4	LocalPalette	100000	10000	16	44500	43500	14000	37800	121300	360700	538700	12352	224	8288	0	6427	4096	0	13881088925378947077
layout	large_palette	4	LocalPalette	100000	10000	16	40000	43600	13900	52100	145200	1437400	961300	12352	224	8960	112	8019	0	4096	5009792677023275075
layout	dense_hot	4	DenseHot	100000	10000	16	40100	45700	13900	24600	127500	541900	500800	12352	224	16384	0	6427	0	0	13881088925378947077
layout	direct_1024	4	DenseHot	100000	10000	16	50000	57000	17400	30800	217500	5063400	3470400	12352	224	16384	0	11026	0	0	14938310482614615130
transition	4	23600	70800	1	1
cache	4	1	2	0	0	1097400	2067700	0	50	0	0	0	64270	64270	0	40	0	321350	6123392138377603854
cache	4	1	2	0	1	760400	1659400	0	50	0	0	96405	96405	64270	89978	49	35	321350	6123392138377603854
cache	4	1	2	1	0	1172200	1724700	0	50	0	2400	0	64270	64270	0	40	0	321350	316485934608347262
cache	4	1	2	1	1	1215800	2332400	0	50	0	3600	96405	96405	64270	89978	49	35	321350	316485934608347262
cache	4	1	8	0	0	9917800	21509600	0	578	0	0	0	64270	64270	0	568	0	3714806	10932962688215868998
cache	4	1	8	0	1	9364000	25898300	0	578	0	0	96405	96405	64270	89978	577	563	3714806	10932962688215868998
cache	4	1	8	1	0	15360200	21815400	0	578	0	43000	0	64270	64270	0	568	0	3714806	6437280387809454918
cache	4	1	8	1	1	14999000	20617100	0	578	0	21400	96405	96405	64270	89978	577	563	3714806	6437280387809454918
cache	4	16	2	0	0	6739500	3794000	700	100	0	0	0	64235	64235	0	90	0	5138800	10502533151818092496
cache	4	16	2	0	1	7002600	20727100	196	604	0	0	96405	96405	64235	89978	603	36	5138800	10502533151818092496
cache	4	16	2	1	0	7532800	3294300	700	100	0	3100	0	64235	64235	0	90	0	5138800	940771669083142992
cache	4	16	2	1	1	8036000	21907300	196	604	0	3200	96405	96405	64235	89978	603	36	5138800	940771669083142992
cache	4	16	8	0	0	83649700	41242100	8092	1156	0	0	0	64235	64235	0	1146	0	59404528	10789858128315184848
cache	4	16	8	0	1	84538100	332345900	196	9052	0	0	96405	96405	64235	89978	9051	564	59404528	10789858128315184848
cache	4	16	8	1	0	90905300	44061300	8092	1156	0	50500	0	64235	64235	0	1146	0	59404528	11717887872482975440
cache	4	16	8	1	1	90565100	338719600	196	9052	0	33300	96405	96405	64235	89978	9051	564	59404528	11717887872482975440
